6601.704874895382,[4, 1, 0],[6628.15, 0, 1.2879810849996787, 3.2268325950024717, 0]
6601.704874895382,[4, 1, 0],[6628.15, 0, 1.2879810849996787, 3.2268325950024717, 0]
6601.704874895382,[4, 1, 1],[6628.15, 0, 1.2879810849996787, 3.2268325950024717, 0]
6601.704874895382,[4, 1, 0],[6628.15, 0, 1.2879810849996787, 3.2268325950024717, 0]
6601.704874895382,[4, 1, 1],[6628.15, 0, 1.2879810849996787, 3.2268325950024717, 0]
6601.704874895382,[4, 1, 2],[6628.15, 0, 1.2879810849996787, 3.2268325950024717, 0]
6601.704874895382,[4, 1, 0],[6628.15, 0, 1.2879810849996787, 3.2268325950024717, 0]
6601.704874895382,[4, 1, 1],[6628.15, 0, 1.2879810849996787, 3.2268325950024717, 0]
6601.704874895382,[4, 1, 2],[6628.15, 0, 1.2879810849996787, 3.2268325950024717, 0]
6601.704874895382,[4, 1, 3],[6628.15, 0, 1.2879810849996787, 3.2268325950024717, 0]
1636.5562062619063,[4, 2, 0],[6628.15, 0, [1.5707963267948966, 1.5533430342749532], 3.2268325950024717, 0]
1636.5562062619063,[4, 2, 0],[6628.15, 0, [1.5707963267948966, 1.5533430342749532], 3.2268325950024717, 0]
1636.5562062619063,[4, 2, 1],[6628.15, 0, [1.5707963267948966, 1.5533430342749532], 3.2268325950024717, 0]
1636.5562062619063,[4, 2, 0],[6628.15, 0, [1.5707963267948966, 1.5533430342749532], 3.2268325950024717, 0]
1636.5562062619063,[4, 2, 1],[6628.15, 0, [1.5707963267948966, 1.5533430342749532], 3.2268325950024717, 0]
4792.217937308347,[4, 2, 2],[6628.15, 0, [1.5707963267948966, 1.5533430342749532], 3.2268325950024717, 0]
1636.5562062619063,[4, 2, 0],[6628.15, 0, [1.5707963267948966, 1.5533430342749532], 3.2268325950024717, 0]
1636.5562062619063,[4, 2, 1],[6628.15, 0, [1.5707963267948966, 1.5533430342749532], 3.2268325950024717, 0]
4792.217937308347,[4, 2, 2],[6628.15, 0, [1.5707963267948966, 1.5533430342749532], 3.2268325950024717, 0]
1636.5562062619063,[4, 2, 3],[6628.15, 0, [1.5707963267948966, 1.5533430342749532], 3.2268325950024717, 0]
2182.0749416825415,[4, 3, 0],[6628.15, 0, [1.5707963267948966, 1.5533430342749532, 1.5882496193148399], 3.2268325950024717, 0]
2182.0749416825415,[4, 3, 0],[6628.15, 0, [1.5707963267948966, 1.5533430342749532, 1.5882496193148399], 3.2268325950024717, 0]
5740.776139666837,[4, 3, 1],[6628.15, 0, [1.5707963267948966, 1.5533430342749532, 1.5882496193148399], 3.2268325950024717, 0]
2182.0749416825415,[4, 3, 0],[6628.15, 0, [1.5707963267948966, 1.5533430342749532, 1.5882496193148399], 3.2268325950024717, 0]
5740.776139666837,[4, 3, 1],[6628.15, 0, [1.5707963267948966, 1.5533430342749532, 1.5882496193148399], 3.2268325950024717, 0]
2182.0749416825415,[4, 3, 2],[6628.15, 0, [1.5707963267948966, 1.5533430342749532, 1.5882496193148399], 3.2268325950024717, 0]
2182.0749416825415,[4, 3, 0],[6628.15, 0, [1.5707963267948966, 1.5533430342749532, 1.5882496193148399], 3.2268325950024717, 0]
5740.776139666837,[4, 3, 1],[6628.15, 0, [1.5707963267948966, 1.5533430342749532, 1.5882496193148399], 3.2268325950024717, 0]
2182.0749416825415,[4, 3, 2],[6628.15, 0, [1.5707963267948966, 1.5533430342749532, 1.5882496193148399], 3.2268325950024717, 0]
7570.522646002729,[4, 3, 3],[6628.15, 0, [1.5707963267948966, 1.5533430342749532, 1.5882496193148399], 3.2268325950024717, 0]
nan,[4, 4, 0],[6628.15, 0, [1.5707963267948966, 1.5533430342749532, 1.5882496193148399, 1.53588974175501], 3.2268325950024717, 0]
nan,[4, 4, 0],[6628.15, 0, [1.5707963267948966, 1.5533430342749532, 1.5882496193148399, 1.53588974175501], 3.2268325950024717, 0]
nan,[4, 4, 1],[6628.15, 0, [1.5707963267948966, 1.5533430342749532, 1.5882496193148399, 1.53588974175501], 3.2268325950024717, 0]
nan,[4, 4, 0],[6628.15, 0, [1.5707963267948966, 1.5533430342749532, 1.5882496193148399, 1.53588974175501], 3.2268325950024717, 0]
nan,[4, 4, 1],[6628.15, 0, [1.5707963267948966, 1.5533430342749532, 1.5882496193148399, 1.53588974175501], 3.2268325950024717, 0]
nan,[4, 4, 2],[6628.15, 0, [1.5707963267948966, 1.5533430342749532, 1.5882496193148399, 1.53588974175501], 3.2268325950024717, 0]
nan,[4, 4, 0],[6628.15, 0, [1.5707963267948966, 1.5533430342749532, 1.5882496193148399, 1.53588974175501], 3.2268325950024717, 0]
nan,[4, 4, 1],[6628.15, 0, [1.5707963267948966, 1.5533430342749532, 1.5882496193148399, 1.53588974175501], 3.2268325950024717, 0]
nan,[4, 4, 2],[6628.15, 0, [1.5707963267948966, 1.5533430342749532, 1.5882496193148399, 1.53588974175501], 3.2268325950024717, 0]
nan,[4, 4, 3],[6628.15, 0, [1.5707963267948966, 1.5533430342749532, 1.5882496193148399, 1.53588974175501], 3.2268325950024717, 0]
8007.671350225747,[4, 1, 0],[6678.15, 0, 1.2879810849996778, 3.2268325950024717, 0]
8007.671350225747,[4, 1, 0],[6678.15, 0, 1.2879810849996778, 3.2268325950024717, 0]
8007.671350225747,[4, 1, 1],[6678.15, 0, 1.2879810849996778, 3.2268325950024717, 0]
8007.671350225747,[4, 1, 0],[6678.15, 0, 1.2879810849996778, 3.2268325950024717, 0]
8007.671350225747,[4, 1, 1],[6678.15, 0, 1.2879810849996778, 3.2268325950024717, 0]
8007.671350225747,[4, 1, 2],[6678.15, 0, 1.2879810849996778, 3.2268325950024717, 0]
8007.671350225747,[4, 1, 0],[6678.15, 0, 1.2879810849996778, 3.2268325950024717, 0]
8007.671350225747,[4, 1, 1],[6678.15, 0, 1.2879810849996778, 3.2268325950024717, 0]
8007.671350225747,[4, 1, 2],[6678.15, 0, 1.2879810849996778, 3.2268325950024717, 0]
8007.671350225747,[4, 1, 3],[6678.15, 0, 1.2879810849996778, 3.2268325950024717, 0]
1664.2820527123836,[4, 2, 0],[6678.15, 0, [1.5707963267948966, 1.5533430342749532], 3.2268325950024717, 0]
1664.2820527123836,[4, 2, 0],[6678.15, 0, [1.5707963267948966, 1.5533430342749532], 3.2268325950024717, 0]
1664.2820527123836,[4, 2, 1],[6678.15, 0, [1.5707963267948966, 1.5533430342749532], 3.2268325950024717, 0]
1664.2820527123836,[4, 2, 0],[6678.15, 0, [1.5707963267948966, 1.5533430342749532], 3.2268325950024717, 0]
1664.2820527123836,[4, 2, 1],[6678.15, 0, [1.5707963267948966, 1.5533430342749532], 3.2268325950024717, 0]
4852.705109813288,[4, 2, 2],[6678.15, 0, [1.5707963267948966, 1.5533430342749532], 3.2268325950024717, 0]
1664.2820527123836,[4, 2, 0],[6678.15, 0, [1.5707963267948966, 1.5533430342749532], 3.2268325950024717, 0]
1664.2820527123836,[4, 2, 1],[6678.15, 0, [1.5707963267948966, 1.5533430342749532], 3.2268325950024717, 0]
4852.705109813288,[4, 2, 2],[6678.15, 0, [1.5707963267948966, 1.5533430342749532], 3.2268325950024717, 0]
1664.2820527123836,[4, 2, 3],[6678.15, 0, [1.5707963267948966, 1.5533430342749532], 3.2268325950024717, 0]
2219.0427369498448,[4, 3, 0],[6678.15, 0, [1.5707963267948966, 1.5533430342749532, 1.5882496193148399], 3.2268325950024717, 0]
2219.0427369498448,[4, 3, 0],[6678.15, 0, [1.5707963267948966, 1.5533430342749532, 1.5882496193148399], 3.2268325950024717, 0]
5813.936563117996,[4, 3, 1],[6678.15, 0, [1.5707963267948966, 1.5533430342749532, 1.5882496193148399], 3.2268325950024717, 0]
2219.0427369498448,[4, 3, 0],[6678.15, 0, [1.5707963267948966, 1.5533430342749532, 1.5882496193148399], 3.2268325950024717, 0]
5813.936563117996,[4, 3, 1],[6678.15, 0, [1.5707963267948966, 1.5533430342749532, 1.5882496193148399], 3.2268325950024717, 0]
2219.0427369498448,[4, 3, 2],[6678.15, 0, [1.5707963267948966, 1.5533430342749532, 1.5882496193148399], 3.2268325950024717, 0]
2219.0427369498448,[4, 3, 0],[6678.15, 0, [1.5707963267948966, 1.5533430342749532, 1.5882496193148399], 3.2268325950024717, 0]
5813.936563117996,[4, 3, 1],[6678.15, 0, [1.5707963267948966, 1.5533430342749532, 1.5882496193148399], 3.2268325950024717, 0]
2219.0427369498448,[4, 3, 2],[6678.15, 0, [1.5707963267948966, 1.5533430342749532, 1.5882496193148399], 3.2268325950024717, 0]
7661.777492012586,[4, 3, 3],[6678.15, 0, [1.5707963267948966, 1.5533430342749532, 1.5882496193148399], 3.2268325950024717, 0]
nan,[4, 4, 0],[6678.15, 0, [1.5707963267948966, 1.5533430342749532, 1.5882496193148399, 1.53588974175501], 3.2268325950024717, 0]
nan,[4, 4, 0],[6678.15, 0, [1.5707963267948966, 1.5533430342749532, 1.5882496193148399, 1.53588974175501], 3.2268325950024717, 0]
nan,[4, 4, 1],[6678.15, 0, [1.5707963267948966, 1.5533430342749532, 1.5882496193148399, 1.53588974175501], 3.2268325950024717, 0]
nan,[4, 4, 0],[6678.15, 0, [1.5707963267948966, 1.5533430342749532, 1.5882496193148399, 1.53588974175501], 3.2268325950024717, 0]
nan,[4, 4, 1],[6678.15, 0, [1.5707963267948966, 1.5533430342749532, 1.5882496193148399, 1.53588974175501], 3.2268325950024717, 0]
nan,[4, 4, 2],[6678.15, 0, [1.5707963267948966, 1.5533430342749532, 1.5882496193148399, 1.53588974175501], 3.2268325950024717, 0]
nan,[4, 4, 0],[6678.15, 0, [1.5707963267948966, 1.5533430342749532, 1.5882496193148399, 1.53588974175501], 3.2268325950024717, 0]
nan,[4, 4, 1],[6678.15, 0, [1.5707963267948966, 1.5533430342749532, 1.5882496193148399, 1.53588974175501], 3.2268325950024717, 0]
nan,[4, 4, 2],[6678.15, 0, [1.5707963267948966, 1.5533430342749532, 1.5882496193148399, 1.53588974175501], 3.2268325950024717, 0]
nan,[4, 4, 3],[6678.15, 0, [1.5707963267948966, 1.5533430342749532, 1.5882496193148399, 1.53588974175501], 3.2268325950024717, 0]
8101.0317017564,[4, 1, 0],[6728.15, 0, 1.2879810849996778, 3.2268325950024717, 0]
8101.0317017564,[4, 1, 0],[6728.15, 0, 1.2879810849996778, 3.2268325950024717, 0]
8101.0317017564,[4, 1, 1],[6728.15, 0, 1.2879810849996778, 3.2268325950024717, 0]
8101.0317017564,[4, 1, 0],[6728.15, 0, 1.2879810849996778, 3.2268325950024717, 0]
8101.0317017564,[4, 1, 1],[6728.15, 0, 1.2879810849996778, 3.2268325950024717, 0]
8101.0317017564,[4, 1, 2],[6728.15, 0, 1.2879810849996778, 3.2268325950024717, 0]
8101.0317017564,[4, 1, 0],[6728.15, 0, 1.2879810849996778, 3.2268325950024717, 0]
8101.0317017564,[4, 1, 1],[6728.15, 0, 1.2879810849996778, 3.2268325950024717, 0]
8101.0317017564,[4, 1, 2],[6728.15, 0, 1.2879810849996778, 3.2268325950024717, 0]
8101.0317017564,[4, 1, 3],[6728.15, 0, 1.2879810849996778, 3.2268325950024717, 0]
1691.6495371347298,[4, 2, 0],[6728.15, 0, [1.5707963267948966, 1.5533430342749532], 3.2268325950024717, 0]
1691.6495371347298,[4, 2, 0],[6728.15, 0, [1.5707963267948966, 1.5533430342749532], 3.2268325950024717, 0]
1691.6495371347298,[4, 2, 1],[6728.15, 0, [1.5707963267948966, 1.5533430342749532], 3.2268325950024717, 0]
1691.6495371347298,[4, 2, 0],[6728.15, 0, [1.5707963267948966, 1.5533430342749532], 3.2268325950024717, 0]
1691.6495371347298,[4, 2, 1],[6728.15, 0, [1.5707963267948966, 1.5533430342749532], 3.2268325950024717, 0]
4913.111019032459,[4, 2, 2],[6728.15, 0, [1.5707963267948966, 1.5533430342749532], 3.2268325950024717, 0]
1691.6495371347298,[4, 2, 0],[6728.15, 0, [1.5707963267948966, 1.5533430342749532], 3.2268325950024717, 0]
1691.6495371347298,[4, 2, 1],[6728.15, 0, [1.5707963267948966, 1.5533430342749532], 3.2268325950024717, 0]
4913.111019032459,[4, 2, 2],[6728.15, 0, [1.5707963267948966, 1.5533430342749532], 3.2268325950024717, 0]
1691.6495371347298,[4, 2, 3],[6728.15, 0, [1.5707963267948966, 1.5533430342749532], 3.2268325950024717, 0]
2255.53271617964,[4, 3, 0],[6728.15, 0, [1.5707963267948966, 1.5533430342749532, 1.5882496193148399], 3.2268325950024717, 0]
2255.53271617964,[4, 3, 0],[6728.15, 0, [1.5707963267948966, 1.5533430342749532, 1.5882496193148399], 3.2268325950024717, 0]
5886.915844246033,[4, 3, 1],[6728.15, 0, [1.5707963267948966, 1.5533430342749532, 1.5882496193148399], 3.2268325950024717, 0]
2255.53271617964,[4, 3, 0],[6728.15, 0, [1.5707963267948966, 1.5533430342749532, 1.5882496193148399], 3.2268325950024717, 0]
5886.915844246033,[4, 3, 1],[6728.15, 0, [1.5707963267948966, 1.5533430342749532, 1.5882496193148399], 3.2268325950024717, 0]
2255.53271617964,[4, 3, 2],[6728.15, 0, [1.5707963267948966, 1.5533430342749532, 1.5882496193148399], 3.2268325950024717, 0]
2255.53271617964,[4, 3, 0],[6728.15, 0, [1.5707963267948966, 1.5533430342749532, 1.5882496193148399], 3.2268325950024717, 0]
5886.915844246033,[4, 3, 1],[6728.15, 0, [1.5707963267948966, 1.5533430342749532, 1.5882496193148399], 3.2268325950024717, 0]
2255.53271617964,[4, 3, 2],[6728.15, 0, [1.5707963267948966, 1.5533430342749532, 1.5882496193148399], 3.2268325950024717, 0]
7753.071071766097,[4, 3, 3],[6728.15, 0, [1.5707963267948966, 1.5533430342749532, 1.5882496193148399], 3.2268325950024717, 0]
nan,[4, 4, 0],[6728.15, 0, [1.5707963267948966, 1.5533430342749532, 1.5882496193148399, 1.53588974175501], 3.2268325950024717, 0]
nan,[4, 4, 0],[6728.15, 0, [1.5707963267948966, 1.5533430342749532, 1.5882496193148399, 1.53588974175501], 3.2268325950024717, 0]
nan,[4, 4, 1],[6728.15, 0, [1.5707963267948966, 1.5533430342749532, 1.5882496193148399, 1.53588974175501], 3.2268325950024717, 0]
nan,[4, 4, 0],[6728.15, 0, [1.5707963267948966, 1.5533430342749532, 1.5882496193148399, 1.53588974175501], 3.2268325950024717, 0]
nan,[4, 4, 1],[6728.15, 0, [1.5707963267948966, 1.5533430342749532, 1.5882496193148399, 1.53588974175501], 3.2268325950024717, 0]
nan,[4, 4, 2],[6728.15, 0, [1.5707963267948966, 1.5533430342749532, 1.5882496193148399, 1.53588974175501], 3.2268325950024717, 0]
nan,[4, 4, 0],[6728.15, 0, [1.5707963267948966, 1.5533430342749532, 1.5882496193148399, 1.53588974175501], 3.2268325950024717, 0]
nan,[4, 4, 1],[6728.15, 0, [1.5707963267948966, 1.5533430342749532, 1.5882496193148399, 1.53588974175501], 3.2268325950024717, 0]
nan,[4, 4, 2],[6728.15, 0, [1.5707963267948966, 1.5533430342749532, 1.5882496193148399, 1.53588974175501], 3.2268325950024717, 0]
nan,[4, 4, 3],[6728.15, 0, [1.5707963267948966, 1.5533430342749532, 1.5882496193148399, 1.53588974175501], 3.2268325950024717, 0]
7511.711846211107,[4, 1, 0],[6778.15, 0, 1.2879810849996778, 3.2268325950024717, 0]
7511.711846211107,[4, 1, 0],[6778.15, 0, 1.2879810849996778, 3.2268325950024717, 0]
7511.711846211107,[4, 1, 1],[6778.15, 0, 1.2879810849996778, 3.2268325950024717, 0]
7511.711846211107,[4, 1, 0],[6778.15, 0, 1.2879810849996778, 3.2268325950024717, 0]
7511.711846211107,[4, 1, 1],[6778.15, 0, 1.2879810849996778, 3.2268325950024717, 0]
7511.711846211107,[4, 1, 2],[6778.15, 0, 1.2879810849996778, 3.2268325950024717, 0]
7511.711846211107,[4, 1, 0],[6778.15, 0, 1.2879810849996778, 3.2268325950024717, 0]
7511.711846211107,[4, 1, 1],[6778.15, 0, 1.2879810849996778, 3.2268325950024717, 0]
7511.711846211107,[4, 1, 2],[6778.15, 0, 1.2879810849996778, 3.2268325950024717, 0]
7511.711846211107,[4, 1, 3],[6778.15, 0, 1.2879810849996778, 3.2268325950024717, 0]
1718.7378845538854,[4, 2, 0],[6778.15, 0, [1.5707963267948966, 1.5533430342749532], 3.2268325950024717, 0]
1718.7378845538854,[4, 2, 0],[6778.15, 0, [1.5707963267948966, 1.5533430342749532], 3.2268325950024717, 0]
1718.7378845538854,[4, 2, 1],[6778.15, 0, [1.5707963267948966, 1.5533430342749532], 3.2268325950024717, 0]
1718.7378845538854,[4, 2, 0],[6778.15, 0, [1.5707963267948966, 1.5533430342749532], 3.2268325950024717, 0]
1718.7378845538854,[4, 2, 1],[6778.15, 0, [1.5707963267948966, 1.5533430342749532], 3.2268325950024717, 0]
4973.487902432463,[4, 2, 2],[6778.15, 0, [1.5707963267948966, 1.5533430342749532], 3.2268325950024717, 0]
1718.7378845538854,[4, 2, 0],[6778.15, 0, [1.5707963267948966, 1.5533430342749532], 3.2268325950024717, 0]
1718.7378845538854,[4, 2, 1],[6778.15, 0, [1.5707963267948966, 1.5533430342749532], 3.2268325950024717, 0]
4973.487902432463,[4, 2, 2],[6778.15, 0, [1.5707963267948966, 1.5533430342749532], 3.2268325950024717, 0]
1718.7378845538854,[4, 2, 3],[6778.15, 0, [1.5707963267948966, 1.5533430342749532], 3.2268325950024717, 0]
2291.650512738514,[4, 3, 0],[6778.15, 0, [1.5707963267948966, 1.5533430342749532, 1.5882496193148399], 3.2268325950024717, 0]
2291.650512738514,[4, 3, 0],[6778.15, 0, [1.5707963267948966, 1.5533430342749532, 1.5882496193148399], 3.2268325950024717, 0]
5959.788266488445,[4, 3, 1],[6778.15, 0, [1.5707963267948966, 1.5533430342749532, 1.5882496193148399], 3.2268325950024717, 0]
2291.650512738514,[4, 3, 0],[6778.15, 0, [1.5707963267948966, 1.5533430342749532, 1.5882496193148399], 3.2268325950024717, 0]
5959.788266488445,[4, 3, 1],[6778.15, 0, [1.5707963267948966, 1.5533430342749532, 1.5882496193148399], 3.2268325950024717, 0]
2291.650512738514,[4, 3, 2],[6778.15, 0, [1.5707963267948966, 1.5533430342749532, 1.5882496193148399], 3.2268325950024717, 0]
2291.650512738514,[4, 3, 0],[6778.15, 0, [1.5707963267948966, 1.5533430342749532, 1.5882496193148399], 3.2268325950024717, 0]
5959.788266488445,[4, 3, 1],[6778.15, 0, [1.5707963267948966, 1.5533430342749532, 1.5882496193148399], 3.2268325950024717, 0]
2291.650512738514,[4, 3, 2],[6778.15, 0, [1.5707963267948966, 1.5533430342749532, 1.5882496193148399], 3.2268325950024717, 0]
7844.452313184756,[4, 3, 3],[6778.15, 0, [1.5707963267948966, 1.5533430342749532, 1.5882496193148399], 3.2268325950024717, 0]
nan,[4, 4, 0],[6778.15, 0, [1.5707963267948966, 1.5533430342749532, 1.5882496193148399, 1.53588974175501], 3.2268325950024717, 0]
nan,[4, 4, 0],[6778.15, 0, [1.5707963267948966, 1.5533430342749532, 1.5882496193148399, 1.53588974175501], 3.2268325950024717, 0]
nan,[4, 4, 1],[6778.15, 0, [1.5707963267948966, 1.5533430342749532, 1.5882496193148399, 1.53588974175501], 3.2268325950024717, 0]
nan,[4, 4, 0],[6778.15, 0, [1.5707963267948966, 1.5533430342749532, 1.5882496193148399, 1.53588974175501], 3.2268325950024717, 0]
nan,[4, 4, 1],[6778.15, 0, [1.5707963267948966, 1.5533430342749532, 1.5882496193148399, 1.53588974175501], 3.2268325950024717, 0]
nan,[4, 4, 2],[6778.15, 0, [1.5707963267948966, 1.5533430342749532, 1.5882496193148399, 1.53588974175501], 3.2268325950024717, 0]
nan,[4, 4, 0],[6778.15, 0, [1.5707963267948966, 1.5533430342749532, 1.5882496193148399, 1.53588974175501], 3.2268325950024717, 0]
nan,[4, 4, 1],[6778.15, 0, [1.5707963267948966, 1.5533430342749532, 1.5882496193148399, 1.53588974175501], 3.2268325950024717, 0]
nan,[4, 4, 2],[6778.15, 0, [1.5707963267948966, 1.5533430342749532, 1.5882496193148399, 1.53588974175501], 3.2268325950024717, 0]
nan,[4, 4, 3],[6778.15, 0, [1.5707963267948966, 1.5533430342749532, 1.5882496193148399, 1.53588974175501], 3.2268325950024717, 0]
6512.300006239572,[4, 1, 0],[6828.15, 0, 1.2879810849996778, 3.2268325950024717, 0]
6512.300006239572,[4, 1, 0],[6828.15, 0, 1.2879810849996778, 3.2268325950024717, 0]
6512.300006239572,[4, 1, 1],[6828.15, 0, 1.2879810849996778, 3.2268325950024717, 0]
6512.300006239572,[4, 1, 0],[6828.15, 0, 1.2879810849996778, 3.2268325950024717, 0]
6512.300006239572,[4, 1, 1],[6828.15, 0, 1.2879810849996778, 3.2268325950024717, 0]
6512.300006239572,[4, 1, 2],[6828.15, 0, 1.2879810849996778, 3.2268325950024717, 0]
6512.300006239572,[4, 1, 0],[6828.15, 0, 1.2879810849996778, 3.2268325950024717, 0]
6512.300006239572,[4, 1, 1],[6828.15, 0, 1.2879810849996778, 3.2268325950024717, 0]
6512.300006239572,[4, 1, 2],[6828.15, 0, 1.2879810849996778, 3.2268325950024717, 0]
6512.300006239572,[4, 1, 3],[6828.15, 0, 1.2879810849996778, 3.2268325950024717, 0]
1745.6065643042145,[4, 2, 0],[6828.15, 0, [1.5707963267948966, 1.5533430342749532], 3.2268325950024717, 0]
1745.6065643042145,[4, 2, 0],[6828.15, 0, [1.5707963267948966, 1.5533430342749532], 3.2268325950024717, 0]
1745.6065643042145,[4, 2, 1],[6828.15, 0, [1.5707963267948966, 1.5533430342749532], 3.2268325950024717, 0]
1745.6065643042145,[4, 2, 0],[6828.15, 0, [1.5707963267948966, 1.5533430342749532], 3.2268325950024717, 0]
1745.6065643042145,[4, 2, 1],[6828.15, 0, [1.5707963267948966, 1.5533430342749532], 3.2268325950024717, 0]
5033.874831512431,[4, 2, 2],[6828.15, 0, [1.5707963267948966, 1.5533430342749532], 3.2268325950024717, 0]
1745.6065643042145,[4, 2, 0],[6828.15, 0, [1.5707963267948966, 1.5533430342749532], 3.2268325950024717, 0]
1745.6065643042145,[4, 2, 1],[6828.15, 0, [1.5707963267948966, 1.5533430342749532], 3.2268325950024717, 0]
5033.874831512431,[4, 2, 2],[6828.15, 0, [1.5707963267948966, 1.5533430342749532], 3.2268325950024717, 0]
1745.6065643042145,[4, 2, 3],[6828.15, 0, [1.5707963267948966, 1.5533430342749532], 3.2268325950024717, 0]
2327.475419072286,[4, 3, 0],[6828.15, 0, [1.5707963267948966, 1.5533430342749532, 1.5882496193148399], 3.2268325950024717, 0]
2327.475419072286,[4, 3, 0],[6828.15, 0, [1.5707963267948966, 1.5533430342749532, 1.5882496193148399], 3.2268325950024717, 0]
6032.60950452739,[4, 3, 1],[6828.15, 0, [1.5707963267948966, 1.5533430342749532, 1.5882496193148399], 3.2268325950024717, 0]
2327.475419072286,[4, 3, 0],[6828.15, 0, [1.5707963267948966, 1.5533430342749532, 1.5882496193148399], 3.2268325950024717, 0]
6032.60950452739,[4, 3, 1],[6828.15, 0, [1.5707963267948966, 1.5533430342749532, 1.5882496193148399], 3.2268325950024717, 0]
2327.475419072286,[4, 3, 2],[6828.15, 0, [1.5707963267948966, 1.5533430342749532, 1.5882496193148399], 3.2268325950024717, 0]
2327.475419072286,[4, 3, 0],[6828.15, 0, [1.5707963267948966, 1.5533430342749532, 1.5882496193148399], 3.2268325950024717, 0]
6032.60950452739,[4, 3, 1],[6828.15, 0, [1.5707963267948966, 1.5533430342749532, 1.5882496193148399], 3.2268325950024717, 0]
2327.475419072286,[4, 3, 2],[6828.15, 0, [1.5707963267948966, 1.5533430342749532, 1.5882496193148399], 3.2268325950024717, 0]
7935.9577449490125,[4, 3, 3],[6828.15, 0, [1.5707963267948966, 1.5533430342749532, 1.5882496193148399], 3.2268325950024717, 0]
nan,[4, 4, 0],[6828.15, 0, [1.5707963267948966, 1.5533430342749532, 1.5882496193148399, 1.53588974175501], 3.2268325950024717, 0]
nan,[4, 4, 0],[6828.15, 0, [1.5707963267948966, 1.5533430342749532, 1.5882496193148399, 1.53588974175501], 3.2268325950024717, 0]
nan,[4, 4, 1],[6828.15, 0, [1.5707963267948966, 1.5533430342749532, 1.5882496193148399, 1.53588974175501], 3.2268325950024717, 0]
nan,[4, 4, 0],[6828.15, 0, [1.5707963267948966, 1.5533430342749532, 1.5882496193148399, 1.53588974175501], 3.2268325950024717, 0]
nan,[4, 4, 1],[6828.15, 0, [1.5707963267948966, 1.5533430342749532, 1.5882496193148399, 1.53588974175501], 3.2268325950024717, 0]
nan,[4, 4, 2],[6828.15, 0, [1.5707963267948966, 1.5533430342749532, 1.5882496193148399, 1.53588974175501], 3.2268325950024717, 0]
nan,[4, 4, 0],[6828.15, 0, [1.5707963267948966, 1.5533430342749532, 1.5882496193148399, 1.53588974175501], 3.2268325950024717, 0]
nan,[4, 4, 1],[6828.15, 0, [1.5707963267948966, 1.5533430342749532, 1.5882496193148399, 1.53588974175501], 3.2268325950024717, 0]
nan,[4, 4, 2],[6828.15, 0, [1.5707963267948966, 1.5533430342749532, 1.5882496193148399, 1.53588974175501], 3.2268325950024717, 0]
nan,[4, 4, 3],[6828.15, 0, [1.5707963267948966, 1.5533430342749532, 1.5882496193148399, 1.53588974175501], 3.2268325950024717, 0]
